Начальная матрица заданий
0)  30   30   -1   30   
1)  25   25   -1   25   
2)  -1   29   29   29   
3)  -1   30   30   30   
4)  28   -1   -1   -1   
5)  26   26   -1   26   
6)  -1   30   -1   -1   
7)  28   28   28   -1   
8)  -1   -1   29   29   
9)  26   -1   -1   26   
10)  25   25   -1   25   
11)  25   -1   25   25   
12)  26   26   26   26   
13)  29   29   -1   29   
14)  25   -1   -1   25   
15)  30   30   30   -1   
16)  -1   26   -1   26   
17)  -1   -1   29   29   
18)  29   -1   -1   29   
19)  25   -1   -1   -1   
20)  -1   27   -1   27   
21)  27   27   27   -1   
22)  -1   30   -1   -1   
23)  29   29   -1   -1   
24)  29   -1   29   29   
25)  -1   -1   25   25   
26)  -1   28   28   28   
27)  26   -1   26   -1   
28)  30   -1   30   30   
29)  -1   25   25   25   
Распределение заданий методом критического пути без элиты.
30  0  0  0  
30  25  0  0  
30  25  29  0  
30  25  29  30  
58  25  29  30  
58  51  29  30  
58  81  29  30  
58  81  57  30  
58  81  57  59  
84  81  57  59  
84  81  57  84  
84  81  82  84  
84  107  82  84  
113  107  82  84  
113  107  82  109  
113  107  112  109  
113  133  112  109  
113  133  112  138  
142  133  112  138  
167  133  112  138  
167  160  112  138  
167  160  139  138  
167  190  139  138  
196  190  139  138  
196  190  139  167  
196  190  164  167  
196  190  192  167  
196  190  218  167  
196  190  218  197  
196  215  218  197  
Максимальная загрузка 218
Генетическим алгоритмом без элиты
Отсортированная матрица заданий  (модификация 1)
0)  30   30   -1   30   
1)  -1   30   30   30   
2)  30   30   30   -1   
3)  -1   30   -1   -1   
4)  30   -1   30   30   
5)  -1   30   -1   -1   
6)  29   -1   29   29   
7)  29   -1   -1   29   
8)  -1   -1   29   29   
9)  29   29   -1   29   
10)  29   29   -1   -1   
11)  -1   -1   29   29   
12)  -1   29   29   29   
13)  28   28   28   -1   
14)  28   -1   -1   -1   
15)  -1   28   28   28   
16)  -1   27   -1   27   
17)  27   27   27   -1   
18)  26   -1   -1   26   
19)  26   26   26   26   
20)  26   26   -1   26   
21)  -1   26   -1   26   
22)  26   -1   26   -1   
23)  -1   -1   25   25   
24)  25   -1   -1   25   
25)  25   -1   25   25   
26)  25   25   -1   25   
27)  25   25   -1   25   
28)  25   -1   -1   -1   
29)  -1   25   25   25   
Распределение задач по процессорам
Максимальная загрузка 220
Генетическим алгоритмом, где этита(особь 0) получена методом критического пути с модификацией 1
Матрица особей
0)  31   94   157  94   220  94   31   220  157  31   31   157  220  157  31   220  94   157  220  94   220  94   157  220  31   157  94   31   31   220  
1)  9    236  118  107  37   71   168  233  182  82   20   132  156  6    58   160  205  2    251  20   54   242  25   185  48   219  231  211  63   210  
2)  69   150  26   73   250  78   238  223  207  206  65   250  217  114  53   84   118  64   200  192  234  86   9    221  34   188  67   103  35   228  
3)  36   166  191  89   199  106  213  13   250  233  104  171  250  62   46   170  67   68   61   219  101  103  6    142  31   200  243  79   31   124  
4)  61   191  78   106  2    103  164  27   235  3    116  230  148  170  6    219  73   138  6    132  238  89   58   236  202  201  18   8    27   158  
5)  20   89   5    117  244  73   10   55   238  93   111  148  83   43   27   155  127  72   243  47   9    86   145  246  63   180  49   23   27   118  
6)  14   225  173  109  134  107  219  43   151  39   102  218  86   105  42   232  73   33   38   12   206  101  34   221  59   8    49   93   43   139  
7)  68   232  91   103  232  68   4    23   184  12   72   183  96   99   63   244  254  29   237  154  199  114  184  128  36   214  236  88   20   120  
8)  126  184  159  85   194  75   251  253  170  102  74   202  166  92   38   117  120  115  0    146  108  106  150  238  248  254  231  61   9    223  
9)  77   179  18   107  61   92   163  51   234  250  71   188  75   74   4    162  198  159  203  121  68   112  14   149  43   40   106  246  6    246  
0)  0    1    2    1    3    1    0    3    2    0    0    2    3    2    0    3    1    2    3    1    3    1    2    3    0    2    1    0    0    3      =  220
1)  0    3    1    1    0    1    2    3    2    1    0    2    2    0    0    2    3    0    3    0    0    3    0    2    0    3    3    3    0    3      =  300
2)  1    2    0    1    3    1    3    3    3    3    1    3    3    1    0    1    1    1    3    3    3    1    0    3    0    2    1    1    0    3      =  332
3)  0    2    2    1    3    1    3    0    3    3    1    2    3    0    0    2    1    1    0    3    1    1    0    2    0    3    3    1    0    1      =  245
4)  0    2    1    1    0    1    2    0    3    0    1    3    2    2    0    3    1    2    0    2    3    1    0    3    3    3    0    0    0    2      =  273
5)  0    1    0    1    3    1    0    0    3    1    1    2    1    0    0    2    1    1    3    0    0    1    2    3    0    2    0    0    0    1      =  326
6)  0    3    2    1    2    1    3    0    2    0    1    3    1    1    0    3    1    0    0    0    3    1    0    3    0    0    0    1    0    2      =  321
7)  1    3    1    1    3    1    0    0    2    0    1    2    1    1    0    3    3    0    3    2    3    1    2    2    0    3    3    1    0    1      =  282
8)  1    2    2    1    3    1    3    3    2    1    1    3    2    1    0    1    1    1    0    2    1    1    2    3    3    3    3    0    0    3      =  310
9)  1    2    0    1    0    1    2    0    3    3    1    2    1    1    0    2    3    2    3    1    1    1    0    2    0    0    1    3    0    3      =  279
Результаты поколений
220  270  310  245  248  248  267  282  237  252   = 220
220  263  247  245  248  237  267  282  237  252   = 220
220  247  220  241  223  237  267  242  237  223   = 220
220  220  220  241  223  237  267  242  237  223   = 220
220  220  220  223  223  232  224  224  237  223   = 220
Отсортированная матрица заданий  (модификация 2)
0)  -1   30   -1   -1   
1)  25   -1   -1   -1   
2)  -1   30   -1   -1   
3)  28   -1   -1   -1   
4)  -1   27   -1   27   
5)  29   -1   -1   29   
6)  -1   -1   29   29   
7)  29   29   -1   -1   
8)  -1   -1   29   29   
9)  25   -1   -1   25   
10)  -1   -1   25   25   
11)  26   -1   26   -1   
12)  -1   26   -1   26   
13)  26   -1   -1   26   
14)  25   25   -1   25   
15)  25   25   -1   25   
16)  25   -1   25   25   
17)  26   26   -1   26   
18)  30   -1   30   30   
19)  30   30   30   -1   
20)  -1   28   28   28   
21)  30   30   -1   30   
22)  28   28   28   -1   
23)  -1   29   29   29   
24)  29   29   -1   29   
25)  29   -1   29   29   
26)  -1   30   30   30   
27)  27   27   27   -1   
28)  -1   25   25   25   
29)  26   26   26   26   
Распределение задач по процессорам
Максимальная загрузка 219
Генетическим алгоритмом, где этита(особь 0) получена методом критического пути с модификацией 1
Матрица особей
0)  94   31   94   31   220  220  157  31   157  220  157  31   94   220  94   220  157  31   157  94   220  31   157  94   220  31   157  94   220  31   
1)  92   37   64   54   196  34   217  71   188  29   195  40   254  31   209  87   182  6    27   104  167  107  178  212  117  153  79   174  154  191  
2)  96   45   93   47   98   230  232  25   224  61   141  22   77   41   104  250  191  243  46   77   86   216  75   213  74   39   165  120  177  101  
3)  87   18   114  10   87   221  184  105  148  30   250  8    217  208  14   73   160  85   223  91   153  28   8    165  248  201  208  74   110  83   
4)  91   36   68   3    118  230  131  53   169  2    226  62   114  244  124  54   195  7    234  62   202  192  166  128  224  133  81   149  152  134  
5)  84   40   110  39   116  40   183  24   219  204  247  32   202  193  87   59   215  227  188  84   164  42   20   200  21   197  240  113  236  230  
6)  82   4    77   3    226  222  216  80   200  58   254  134  80   5    220  108  60   29   178  115  241  246  16   226  95   165  134  19   172  150  
7)  100  41   116  17   75   252  209  127  147  225  147  190  227  233  0    89   243  61   156  166  254  195  140  105  7    164  181  128  137  234  
8)  104  22   75   37   121  197  236  63   149  220  131  178  79   59   59   92   133  91   29   92   86   24   148  224  43   239  146  11   199  35   
9)  115  45   92   4    68   208  212  62   137  33   191  23   207  219  13   0    195  8    211  180  87   51   29   211  194  11   235  102  154  98   
0)  1    0    1    0    3    3    2    0    2    3    2    0    1    3    1    3    2    0    2    1    3    0    2    1    3    0    2    1    3    0      =  219
1)  1    0    1    0    3    0    3    1    2    0    3    0    3    0    3    1    2    0    0    1    2    1    2    3    1    2    1    2    2    2      =  233
2)  1    0    1    0    1    3    3    0    3    0    2    0    1    0    1    3    2    3    0    1    1    3    1    3    1    0    2    1    2    1      =  306
3)  1    0    1    0    1    3    2    1    2    0    3    0    3    3    0    1    2    1    3    1    2    0    0    2    3    3    3    1    1    1      =  275
4)  1    0    1    0    1    3    2    0    2    0    3    0    1    3    1    0    3    0    3    0    3    3    2    2    3    2    1    2    2    2      =  222
5)  1    0    1    0    1    0    2    0    3    3    3    0    3    3    1    0    3    3    2    1    2    0    0    3    0    3    3    1    3    3      =  321
6)  1    0    1    0    3    3    3    1    3    0    3    2    1    0    3    1    0    0    2    1    3    3    0    3    1    2    2    0    2    2      =  251
7)  1    0    1    0    1    3    3    1    2    3    2    2    3    3    0    1    3    0    2    2    3    3    2    1    0    2    2    2    2    3      =  279
8)  1    0    1    0    1    3    3    0    2    3    2    2    1    0    0    1    2    1    0    1    1    0    2    3    0    3    2    0    3    0      =  275
9)  1    0    1    0    1    3    3    0    2    0    2    0    3    3    0    0    3    0    3    2    1    0    0    3    3    0    3    1    2    1      =  296
Результаты поколений
219  233  265  222  222  260  222  222  224  260   = 219
219  220  248  222  222  260  222  222  224  222   = 219
219  220  248  222  222  222  222  220  219  222   = 219
219  220  223  222  222  222  220  220  219  222   = 219
219  219  223  222  222  222  220  220  219  222   = 219
Отсортированная матрица заданий  (модификация 3)
0)  -1   30   -1   -1   
1)  -1   30   -1   -1   
2)  30   30   -1   30   
3)  -1   30   30   30   
4)  30   30   30   -1   
5)  30   -1   30   30   
6)  29   -1   -1   29   
7)  -1   -1   29   29   
8)  29   29   -1   -1   
9)  -1   -1   29   29   
10)  29   -1   29   29   
11)  29   29   -1   29   
12)  -1   29   29   29   
13)  28   -1   -1   -1   
14)  28   28   28   -1   
15)  -1   28   28   28   
16)  -1   27   -1   27   
17)  27   27   27   -1   
18)  26   -1   -1   26   
19)  -1   26   -1   26   
20)  26   -1   26   -1   
21)  26   26   -1   26   
22)  26   26   26   26   
23)  25   -1   -1   -1   
24)  -1   -1   25   25   
25)  25   -1   -1   25   
26)  25   -1   25   25   
27)  25   25   -1   25   
28)  -1   25   25   25   
29)  25   25   -1   25   
Распределение задач по процессорам
Максимальная загрузка 219
Генетическим алгоритмом, где этита(особь 0) получена методом критического пути с модификацией 1
Матрица особей
0)  94   94   31   157  31   220  220  157  31   157  220  94   157  31   94   220  220  31   220  94   157  94   157  31   157  31   220  94   94   31   
1)  126  127  233  142  18   150  235  193  91   214  47   254  126  28   32   182  113  114  13   240  4    118  221  52   139  195  17   0    93   200  
2)  98   127  254  120  28   241  209  183  32   231  168  209  214  40   134  123  70   104  210  116  139  240  177  14   143  211  144  103  152  84   
3)  64   110  251  157  116  233  16   245  20   242  136  62   82   35   55   109  79   113  60   116  20   197  96   20   221  221  2    8    213  49   
4)  75   114  244  229  118  148  16   238  73   147  198  0    87   4    76   179  65   9    247  120  139  32   172  4    169  240  44   25   196  122  
5)  88   65   87   247  146  132  14   156  45   215  245  117  228  57   52   109  105  54   243  98   158  73   240  36   245  63   138  92   213  85   
6)  75   115  88   80   42   182  50   144  85   227  230  223  208  47   23   234  210  137  211  207  45   124  24   63   241  193  37   199  110  208  
7)  95   100  2    128  76   181  198  252  113  156  7    46   138  61   167  208  112  17   12   97   10   244  243  59   147  238  141  208  201  247  
8)  72   116  233  90   23   242  228  221  42   167  181  86   151  2    162  242  193  116  19   231  8    224  236  59   137  242  158  232  66   68   
9)  70   89   199  86   132  44   51   242  32   180  2    104  86   55   156  242  214  50   41   123  148  230  93   52   173  24   150  87   159  92   
0)  1    1    0    2    0    3    3    2    0    2    3    1    2    0    1    3    3    0    3    1    2    1    2    0    2    0    3    1    1    0      =  219
1)  1    1    3    2    0    2    3    3    1    3    0    3    1    0    0    2    1    1    0    3    0    1    3    0    2    3    0    0    1    3      =  248
2)  1    1    3    1    0    3    3    2    0    3    2    3    3    0    2    1    1    1    3    1    2    3    2    0    2    3    2    1    2    1      =  253
3)  1    1    3    2    1    3    0    3    0    3    2    0    1    0    0    1    1    1    0    1    0    3    1    0    3    3    0    0    3    0      =  295
4)  1    1    3    3    1    2    0    3    1    2    3    0    1    0    1    2    1    0    3    1    2    0    2    0    2    3    0    0    3    1      =  254
5)  1    1    1    3    2    2    0    2    0    3    3    1    3    0    0    1    1    0    3    1    2    1    3    0    3    0    2    1    3    1      =  276
6)  1    1    1    1    0    2    0    2    1    3    3    3    3    0    0    3    3    2    3    3    0    1    0    0    3    3    0    3    1    3      =  323
7)  1    1    0    2    1    2    3    3    1    2    0    0    2    0    2    3    1    0    0    1    0    3    3    0    2    3    2    3    3    3      =  238
8)  1    1    3    1    0    3    3    3    0    2    2    1    2    0    2    3    3    1    0    3    0    3    3    0    2    3    2    3    1    1      =  301
9)  1    1    3    1    2    0    0    3    0    2    0    1    1    0    2    3    3    0    0    1    2    3    1    0    2    0    2    1    2    1      =  250
Результаты поколений
219  248  247  276  254  249  306  238  248  248   = 219
219  248  247  248  254  224  248  238  248  247   = 219
219  225  224  248  245  223  223  222  248  245   = 219
219  223  223  248  243  223  223  222  223  245   = 219
219  223  223  223  223  223  223  221  223  245   = 219
Начальная матрица заданий
0)  28   -1   28   -1   
1)  30   30   30   30   
2)  30   30   -1   30   
3)  27   -1   27   -1   
4)  30   -1   30   -1   
5)  -1   29   29   -1   
6)  30   30   -1   30   
7)  29   29   29   -1   
8)  28   28   28   28   
9)  25   25   25   25   
10)  -1   -1   27   27   
11)  -1   -1   -1   29   
12)  -1   30   -1   -1   
13)  30   30   30   -1   
14)  28   -1   -1   28   
15)  -1   28   -1   28   
16)  25   -1   -1   -1   
17)  -1   -1   30   30   
18)  29   -1   -1   29   
19)  -1   -1   -1   27   
20)  26   26   -1   26   
21)  30   -1   30   30   
22)  26   26   26   26   
23)  28   28   28   -1   
24)  -1   27   -1   27   
25)  25   -1   25   25   
26)  27   -1   27   27   
27)  27   -1   -1   -1   
28)  25   -1   25   25   
29)  -1   -1   -1   26   
Распределение заданий методом критического пути без элиты.
28  0  0  0  
28  30  0  0  
28  30  0  30  
28  30  27  30  
28  30  57  30  
28  59  57  30  
58  59  57  30  
58  59  86  30  
58  59  86  58  
83  59  86  58  
83  59  86  85  
83  59  86  114  
83  89  86  114  
113  89  86  114  
141  89  86  114  
141  117  86  114  
166  117  86  114  
166  117  116  114  
166  117  116  143  
166  117  116  170  
166  143  116  170  
166  143  146  170  
166  169  146  170  
166  169  174  170  
166  196  174  170  
191  196  174  170  
191  196  174  197  
218  196  174  197  
218  196  199  197  
218  196  199  223  
Максимальная загрузка 441
Генетическим алгоритмом без элиты
Отсортированная матрица заданий  (модификация 1)
0)  30   30   30   30   
1)  30   30   -1   30   
2)  30   -1   30   30   
3)  30   -1   30   -1   
4)  30   30   -1   30   
5)  -1   -1   30   30   
6)  -1   30   -1   -1   
7)  30   30   30   -1   
8)  -1   29   29   -1   
9)  29   29   29   -1   
10)  29   -1   -1   29   
11)  -1   -1   -1   29   
12)  28   28   28   -1   
13)  -1   28   -1   28   
14)  28   -1   -1   28   
15)  28   28   28   28   
16)  28   -1   28   -1   
17)  -1   -1   27   27   
18)  -1   -1   -1   27   
19)  27   -1   27   -1   
20)  -1   27   -1   27   
21)  27   -1   27   27   
22)  27   -1   -1   -1   
23)  26   26   -1   26   
24)  26   26   26   26   
25)  -1   -1   -1   26   
26)  25   -1   -1   -1   
27)  25   25   25   25   
28)  25   -1   25   25   
29)  25   -1   25   25   
Распределение задач по процессорам
Максимальная загрузка 224
Генетическим алгоритмом, где этита(особь 0) получена методом критического пути с модификацией 1
Матрица особей
0)  31   94   157  31   220  157  94   31   94   157  220  220  94   220  31   157  157  220  220  31   94   31   31   94   157  220  31   94   157  157  
1)  244  198  60   175  98   170  81   180  96   148  206  194  38   89   237  127  142  194  236  13   109  234  24   57   197  251  13   174  251  190  
2)  160  225  50   160  244  227  96   65   189  103  207  226  47   71   9    162  167  191  240  45   88   7    41   232  61   247  52   124  181  44   
3)  215  91   131  141  220  164  95   68   66   11   235  200  128  74   235  68   62   236  200  152  78   181  48   19   126  235  38   93   161  157  
4)  152  108  242  62   70   198  117  9    89   129  244  233  20   112  221  221  27   165  210  25   237  8    48   232  76   239  0    68   154  145  
5)  83   86   182  151  103  151  94   102  159  105  62   225  110  116  237  86   153  148  237  26   65   248  22   83   2    212  14   24   201  225  
6)  80   5    142  175  231  230  100  95   161  2    212  233  39   113  27   113  24   129  218  168  80   24   47   243  51   194  24   122  196  158  
7)  158  251  37   137  43   153  116  4    125  26   61   222  21   83   14   51   4    216  236  27   247  13   56   222  223  246  14   135  170  190  
8)  2    16   250  177  246  149  91   133  107  18   35   213  46   202  209  208  181  187  233  52   244  193  52   113  143  230  33   119  215  137  
9)  144  217  43   20   216  182  66   157  173  136  214  206  72   215  249  223  181  162  195  141  209  52   23   94   216  238  0    101  36   200  
0)  0    1    2    0    3    2    1    0    1    2    3    3    1    3    0    2    2    3    3    0    1    0    0    1    2    3    0    1    2    2      =  224
1)  3    3    0    2    1    2    1    2    1    2    3    3    0    1    3    1    2    3    3    0    1    3    0    0    3    3    0    2    3    2      =  304
2)  2    3    0    2    3    3    1    1    2    1    3    3    0    1    0    2    2    2    3    0    1    0    0    3    0    3    0    1    2    0      =  243
3)  3    1    2    2    3    2    1    1    1    0    3    3    2    1    3    1    0    3    3    2    1    2    0    0    1    3    0    1    2    2      =  253
4)  2    1    3    0    1    3    1    0    1    2    3    3    0    1    3    3    0    2    3    0    3    0    0    3    1    3    0    1    2    2      =  280
5)  1    1    2    2    1    2    1    1    2    1    0    3    1    1    3    1    2    2    3    0    1    3    0    1    0    3    0    0    3    3      =  316
6)  1    0    2    2    3    3    1    1    2    0    3    3    0    1    0    1    0    2    3    2    1    0    0    3    0    3    0    1    3    2      =  248
7)  2    3    0    2    0    2    1    0    1    0    0    3    0    1    0    0    0    3    3    0    3    0    0    3    3    3    0    2    2    2      =  366
8)  0    0    3    2    3    2    1    2    1    0    0    3    0    3    3    3    2    2    3    0    3    3    0    1    2    3    0    1    3    2      =  305
9)  2    3    0    0    3    2    1    2    2    2    3    3    1    3    3    3    2    2    3    2    3    0    0    1    3    3    0    1    0    3      =  333
Результаты поколений
Произошла революция! Особь: 1 c 222 свергает 0 c 224
222  224  243  226  251  226  222  251  251  226   = 222
222  224  243  226  248  226  222  224  251  226   = 222
222  224  243  226  226  224  222  224  224  224   = 222
222  224  243  226  226  224  222  224  224  224   = 222
222  224  243  224  226  224  222  224  224  224   = 222
Отсортированная матрица заданий  (модификация 2)
0)  25   -1   -1   -1   
1)  -1   -1   -1   26   
2)  27   -1   -1   -1   
3)  -1   30   -1   -1   
4)  -1   -1   -1   27   
5)  -1   -1   -1   29   
6)  30   -1   30   -1   
7)  -1   27   -1   27   
8)  27   -1   27   -1   
9)  -1   -1   27   27   
10)  28   -1   28   -1   
11)  -1   28   -1   28   
12)  28   -1   -1   28   
13)  29   -1   -1   29   
14)  -1   29   29   -1   
15)  -1   -1   30   30   
16)  30   30   -1   30   
17)  30   -1   30   30   
18)  26   26   -1   26   
19)  28   28   28   -1   
20)  27   -1   27   27   
21)  30   30   30   -1   
22)  29   29   29   -1   
23)  25   -1   25   25   
24)  30   30   -1   30   
25)  25   -1   25   25   
26)  30   30   30   30   
27)  26   26   26   26   
28)  28   28   28   28   
29)  25   25   25   25   
Распределение задач по процессорам
Максимальная загрузка 220
Генетическим алгоритмом, где этита(особь 0) получена методом критического пути с модификацией 1
Матрица особей
0)  31   220  31   94   220  220  157  94   157  157  31   94   31   220  157  220  94   31   94   157  31   94   157  220  31   220  157  94   220  31   
1)  47   253  27   124  213  223  168  93   162  202  171  223  45   244  142  171  48   147  120  85   254  106  56   159  247  26   47   221  48   238  
2)  9    252  24   69   202  249  40   236  142  204  37   208  246  213  166  235  229  4    213  29   200  106  144  146  234  172  90   173  66   75   
3)  17   242  9    70   246  199  16   210  14   163  184  231  4    6    93   246  57   246  105  164  238  134  172  58   58   130  210  168  85   76   
4)  10   234  19   65   249  221  4    201  23   202  185  97   17   29   126  248  47   175  26   99   43   3    68   155  211  63   105  243  205  102  
5)  37   207  55   117  200  210  4    78   51   236  158  244  45   208  154  226  237  195  81   30   186  154  140  143  62   238  69   161  147  221  
6)  41   233  22   109  209  221  0    79   22   252  21   104  46   253  188  220  114  46   106  4    173  0    129  200  215  238  245  168  162  199  
7)  38   243  32   77   246  211  5    69   172  227  48   212  28   254  86   242  98   177  42   68   226  98   73   150  31   192  100  171  190  164  
8)  63   243  14   64   236  251  14   110  59   178  13   240  10   253  84   154  3    51   244  101  44   2    168  57   17   150  244  112  12   150  
9)  5    228  38   66   217  251  61   96   19   163  2    193  11   32   101  129  106  1    194  178  207  92   188  198  74   237  46   137  216  81   
0)  0    3    0    1    3    3    2    1    2    2    0    1    0    3    2    3    1    0    1    2    0    1    2    3    0    3    2    1    3    0      =  220
1)  0    3    0    1    3    3    2    1    2    3    2    3    0    3    2    2    0    2    1    1    3    1    0    2    3    0    0    3    0    3      =  274
2)  0    3    0    1    3    3    0    3    2    3    0    3    3    3    2    3    3    0    3    0    3    1    2    2    3    2    1    2    1    1      =  364
3)  0    3    0    1    3    3    0    3    0    2    2    3    0    0    1    3    0    3    1    2    3    2    2    0    0    2    3    2    1    1      =  254
4)  0    3    0    1    3    3    0    3    0    3    2    1    0    0    1    3    0    2    0    1    0    0    1    2    3    0    1    3    3    1      =  304
5)  0    3    0    1    3    3    0    1    0    3    2    3    0    3    2    3    3    3    1    0    2    2    2    2    0    3    1    2    2    3      =  306
6)  0    3    0    1    3    3    0    1    0    3    0    1    0    3    2    3    1    0    1    0    2    0    2    3    3    3    3    2    2    3      =  303
7)  0    3    0    1    3    3    0    1    2    3    0    3    0    3    1    3    1    2    0    1    3    1    1    2    0    3    1    2    2    2      =  248
8)  0    3    0    1    3    3    0    1    0    2    0    3    0    3    1    2    0    0    3    1    0    0    2    0    0    2    3    1    0    2      =  365
9)  0    3    0    1    3    3    0    1    0    2    0    3    0    0    1    2    1    0    3    2    3    1    2    3    1    3    0    2    3    1      =  254
Результаты поколений
220  248  254  253  247  248  248  247  233  254   = 220
220  248  248  248  231  233  231  228  231  224   = 220
220  248  231  248  231  233  231  228  231  224   = 220
220  231  221  231  231  221  231  228  227  224   = 220
220  231  221  221  221  221  227  227  221  224   = 220
Отсортированная матрица заданий  (модификация 3)
0)  -1   30   -1   -1   
1)  30   -1   30   -1   
2)  -1   -1   30   30   
3)  30   30   -1   30   
4)  30   30   30   -1   
5)  30   -1   30   30   
6)  30   30   -1   30   
7)  30   30   30   30   
8)  -1   -1   -1   29   
9)  29   -1   -1   29   
10)  -1   29   29   -1   
11)  29   29   29   -1   
12)  -1   28   -1   28   
13)  28   -1   -1   28   
14)  28   -1   28   -1   
15)  28   28   28   -1   
16)  28   28   28   28   
17)  27   -1   -1   -1   
18)  -1   -1   -1   27   
19)  -1   27   -1   27   
20)  27   -1   27   -1   
21)  -1   -1   27   27   
22)  27   -1   27   27   
23)  -1   -1   -1   26   
24)  26   26   -1   26   
25)  26   26   26   26   
26)  25   -1   -1   -1   
27)  25   -1   25   25   
28)  25   -1   25   25   
29)  25   25   25   25   
Распределение задач по процессорам
Максимальная загрузка 221
Генетическим алгоритмом, где этита(особь 0) получена методом критического пути с модификацией 1
Матрица особей
0)  94   31   157  220  31   157  94   220  220  31   94   157  94   31   157  31   220  31   220  94   157  157  220  220  94   94   31   157  157  94   
1)  127  13   193  91   166  63   42   181  237  9    115  164  212  199  153  94   47   22   234  89   170  218  30   229  118  8    13   219  62   210  
2)  106  60   147  52   114  199  208  200  211  9    176  68   120  8    172  30   207  28   247  205  141  222  24   223  216  248  50   216  197  210  
3)  121  58   250  69   42   43   211  205  208  3    129  185  204  7    186  65   10   44   213  87   178  151  26   243  87   230  43   228  247  186  
4)  110  137  220  65   33   63   6    44   203  245  113  93   97   238  49   18   99   12   198  113  5    216  232  237  121  38   61   34   180  80   
5)  94   134  146  75   38   41   6    89   202  214  175  152  72   58   177  69   200  18   245  97   136  141  7    196  115  204  55   225  62   237  
6)  95   130  131  19   78   167  117  8    222  38   69   169  108  63   16   127  193  9    205  238  36   201  209  219  248  68   43   142  4    80   
7)  122  164  210  117  115  227  198  233  254  242  122  70   100  212  189  137  192  43   234  212  51   194  20   253  38   60   41   4    183  73   
8)  77   36   246  227  101  10   50   88   199  62   175  98   254  16   60   17   115  62   236  121  49   197  188  222  245  203  60   227  203  204  
9)  80   10   140  1    60   206  219  229  203  51   102  10   107  51   144  113  227  52   216  90   11   130  34   228  7    214  49   207  228  241  
0)  1    0    2    3    0    2    1    3    3    0    1    2    1    0    2    0    3    0    3    1    2    2    3    3    1    1    0    2    2    1      =  221
1)  1    0    3    1    2    0    0    2    3    0    1    2    3    3    2    1    0    0    3    1    2    3    0    3    1    0    0    3    0    3      =  277
2)  1    0    2    0    1    3    3    3    3    0    2    1    1    0    2    0    3    0    3    3    2    3    0    3    3    3    0    3    3    3      =  381
3)  1    0    3    1    0    0    3    3    3    0    2    2    3    0    2    1    0    0    3    1    2    2    0    3    1    3    0    3    3    2      =  276
4)  1    2    3    1    0    0    0    0    3    3    1    1    1    3    0    0    1    0    3    1    0    3    3    3    1    0    0    0    2    1      =  306
5)  1    2    2    1    0    0    0    1    3    3    2    2    1    0    2    1    3    0    3    1    2    2    0    3    1    3    0    3    0    3      =  222
6)  1    2    2    0    1    2    1    0    3    0    1    2    1    0    0    1    3    0    3    3    0    3    3    3    3    1    0    2    0    1      =  249
7)  1    2    3    1    1    3    3    3    3    3    1    1    1    3    2    2    3    0    3    3    0    3    0    3    0    0    0    0    2    1      =  341
8)  1    0    3    3    1    0    0    1    3    0    2    1    3    0    0    0    1    0    3    1    0    3    2    3    3    3    0    3    3    3      =  324
9)  1    0    2    0    0    3    3    3    3    0    1    0    1    0    2    1    3    0    3    1    0    2    0    3    0    3    0    3    3    3      =  308
Результаты поколений
221  277  301  276  306  222  249  274  301  301   = 221
221  248  224  251  222  222  247  240  254  276   = 221
221  247  224  227  222  222  228  240  224  240   = 221
221  247  224  227  222  222  228  228  224  227   = 221
Произошла революция! Особь: 1 c 217 свергает 0 c 221
217  221  222  222  222  222  226  228  224  227   = 217
217  221  222  222  222  222  222  226  224  227   = 217
217  221  222  222  222  222  221  224  224  225   = 217
217  221  222  221  222  222  221  224  224  225   = 217
217  221  222  221  222  222  221  222  224  222   = 217
Начальная матрица заданий
0)  28   -1   28   28   
1)  29   29   29   29   
2)  27   27   -1   -1   
3)  -1   -1   25   -1   
4)  28   -1   28   28   
5)  -1   27   -1   27   
6)  29   29   29   -1   
7)  -1   -1   28   -1   
8)  -1   -1   29   -1   
9)  30   30   30   -1   
10)  29   29   -1   29   
11)  -1   27   27   27   
12)  -1   27   27   27   
13)  28   28   28   28   
14)  29   29   29   -1   
15)  -1   27   27   -1   
16)  -1   -1   29   29   
17)  -1   29   29   29   
18)  30   -1   30   -1   
19)  28   -1   -1   28   
20)  28   28   28   -1   
21)  27   -1   -1   27   
22)  28   28   28   -1   
23)  27   27   -1   27   
24)  27   27   27   27   
25)  27   27   27   -1   
26)  -1   29   -1   -1   
27)  28   28   -1   -1   
28)  30   30   -1   30   
29)  -1   -1   25   -1   
Распределение заданий методом критического пути без элиты.
28  0  0  0  
28  29  0  0  
55  29  0  0  
55  29  25  0  
55  29  25  28  
55  29  25  55  
55  29  54  55  
55  29  82  55  
55  29  111  55  
55  59  111  55  
84  59  111  55  
84  59  111  82  
84  86  111  82  
84  86  111  110  
113  86  111  110  
113  113  111  110  
113  113  111  139  
113  113  140  139  
143  113  140  139  
143  113  140  167  
143  141  140  167  
170  141  140  167  
170  141  168  167  
170  168  168  167  
170  168  168  194  
170  195  168  194  
170  224  168  194  
198  224  168  194  
198  224  168  224  
198  224  193  224  
Максимальная загрузка 665
Генетическим алгоритмом без элиты
Отсортированная матрица заданий  (модификация 1)
0)  30   -1   30   -1   
1)  30   30   -1   30   
2)  30   30   30   -1   
3)  29   29   29   29   
4)  -1   29   -1   -1   
5)  -1   29   29   29   
6)  -1   -1   29   29   
7)  29   29   -1   29   
8)  29   29   29   -1   
9)  29   29   29   -1   
10)  -1   -1   29   -1   
11)  -1   -1   28   -1   
12)  28   28   -1   -1   
13)  28   -1   28   28   
14)  28   28   28   -1   
15)  28   28   28   -1   
16)  28   -1   -1   28   
17)  28   28   28   28   
18)  28   -1   28   28   
19)  27   27   -1   -1   
20)  -1   27   27   -1   
21)  -1   27   -1   27   
22)  27   -1   -1   27   
23)  27   27   -1   27   
24)  27   27   27   27   
25)  27   27   27   -1   
26)  -1   27   27   27   
27)  -1   27   27   27   
28)  -1   -1   25   -1   
29)  -1   -1   25   -1   
Распределение задач по процессорам
Максимальная загрузка 248
Генетическим алгоритмом, где этита(особь 0) получена методом критического пути с модификацией 1
Матрица особей
0)  31   94   157  220  94   220  157  31   31   94   157  157  31   220  94   31   220  220  157  94   94   220  31   220  157  94   157  220  157  157  
1)  59   106  171  191  99   123  154  20   179  9    180  141  112  58   49   22   204  152  11   68   152  86   251  241  47   184  99   114  180  177  
2)  53   38   188  168  110  237  217  60   186  32   139  159  28   6    182  17   54   31   0    59   91   123  26   98   227  155  200  127  152  133  
3)  136  7    50   195  87   71   238  213  179  191  145  189  13   61   47   38   226  33   31   39   121  193  246  117  11   21   206  113  165  153  
4)  166  70   122  130  109  205  219  20   87   168  170  151  75   54   29   60   216  172  177  118  151  67   22   213  78   6    205  117  152  133  
5)  170  81   157  207  123  185  188  93   123  140  130  190  100  147  109  33   53   35   150  37   138  199  250  102  121  164  241  119  173  177  
6)  146  56   59   211  127  222  183  69   163  67   166  150  64   36   156  68   240  148  200  47   116  92   222  2    159  182  180  220  187  129  
7)  169  16   19   182  75   223  248  92   109  155  133  131  66   26   154  57   18   227  236  41   110  99   37   101  168  93   92   247  152  129  
8)  168  100  49   115  92   101  143  73   161  31   158  151  77   163  144  69   230  243  204  39   64   121  35   44   135  15   150  139  148  179  
9)  159  16   64   138  90   76   182  248  102  50   149  171  1    45   184  191  219  165  214  17   122  211  213  38   49   166  208  199  176  155  
0)  0    1    2    3    1    3    2    0    0    1    2    2    0    3    1    0    3    3    2    1    1    3    0    3    2    1    2    3    2    2      =  248
1)  0    1    2    2    1    1    2    0    2    0    2    2    1    0    0    0    3    2    0    1    2    1    3    3    0    2    1    1    2    2      =  306
2)  0    0    2    2    1    3    3    0    2    0    2    2    0    0    2    0    0    0    0    0    1    1    0    1    3    2    3    1    2    2      =  340
3)  2    0    0    3    1    1    3    3    2    2    2    2    0    0    0    0    3    0    0    0    1    3    3    1    0    0    3    1    2    2      =  309
4)  2    1    1    2    1    3    3    0    1    2    2    2    1    0    0    0    3    2    2    1    2    1    0    3    1    0    3    1    2    2      =  278
5)  2    1    2    3    1    2    2    1    1    2    2    2    1    2    1    0    0    0    2    0    2    3    3    1    1    2    3    1    2    2      =  364
6)  2    0    0    3    1    3    2    1    2    1    2    2    1    0    2    1    3    2    3    0    1    1    3    0    2    2    2    3    2    2      =  332
7)  2    0    0    2    1    3    3    1    1    2    2    2    1    0    2    0    0    3    3    0    1    1    0    1    2    1    1    3    2    2      =  250
8)  2    1    0    1    1    1    2    1    2    0    2    2    1    2    2    1    3    3    3    0    1    1    0    0    2    0    2    2    2    2      =  332
9)  2    0    1    2    1    1    2    3    1    0    2    2    0    0    2    2    3    2    3    0    1    3    3    0    0    2    3    3    2    2      =  306
Результаты поколений
248  306  340  280  278  312  249  250  304  250   = 248
248  277  254  252  278  255  249  250  278  250   = 248
Произошла революция! Особь: 7 c 227 свергает 0 c 248
227  250  251  252  278  248  249  248  227  250   = 227
Произошла революция! Особь: 8 c 221 свергает 0 c 227
221  249  248  250  250  227  249  229  227  250   = 221
221  249  227  227  250  227  227  229  227  250   = 221
221  229  227  227  250  227  227  229  227  250   = 221
221  229  227  221  250  227  227  229  227  250   = 221
221  229  227  221  250  227  227  229  227  250   = 221
Отсортированная матрица заданий  (модификация 2)
0)  -1   -1   25   -1   
1)  -1   29   -1   -1   
2)  -1   -1   25   -1   
3)  -1   -1   28   -1   
4)  -1   -1   29   -1   
5)  27   -1   -1   27   
6)  -1   27   -1   27   
7)  -1   27   27   -1   
8)  27   27   -1   -1   
9)  28   -1   -1   28   
10)  28   28   -1   -1   
11)  30   -1   30   -1   
12)  -1   -1   29   29   
13)  29   29   29   -1   
14)  -1   27   27   27   
15)  -1   27   27   27   
16)  27   27   27   -1   
17)  27   27   -1   27   
18)  30   30   -1   30   
19)  30   30   30   -1   
20)  28   28   28   -1   
21)  -1   29   29   29   
22)  28   -1   28   28   
23)  28   28   28   -1   
24)  29   29   -1   29   
25)  28   -1   28   28   
26)  29   29   29   -1   
27)  28   28   28   28   
28)  27   27   27   27   
29)  29   29   29   29   
Распределение задач по процессорам
Максимальная загрузка 225
Генетическим алгоритмом, где этита(особь 0) получена методом критического пути с модификацией 1
Матрица особей
0)  157  94   157  157  157  31   220  94   31   220  31   31   220  94   220  94   157  220  31   94   157  220  31   94   220  157  31   94   157  220  
1)  138  117  132  131  154  250  90   151  71   12   41   160  223  15   126  171  110  79   50   167  129  230  136  31   43   198  4    44   59   71   
2)  173  104  163  171  178  21   72   97   3    39   25   33   197  113  211  237  112  192  86   35   154  143  199  150  205  5    138  211  16   22   
3)  187  117  137  143  137  61   226  93   59   50   51   36   156  39   151  190  117  74   36   6    81   134  154  190  61   146  1    150  14   51   
4)  181  81   178  163  175  246  117  180  95   229  54   137  180  163  242  225  126  16   210  27   152  117  225  28   15   208  149  17   163  48   
5)  169  70   160  157  152  20   124  124  76   10   117  149  210  146  201  100  159  100  242  40   98   131  131  56   231  56   117  103  159  181  
6)  174  94   147  161  190  192  64   109  15   217  11   31   170  131  135  169  156  198  92   9    11   230  192  58   127  132  82   174  114  145  
7)  184  92   129  183  182  232  111  99   53   228  23   5    186  139  215  140  48   208  250  17   63   128  178  33   46   150  158  215  19   202  
8)  171  69   184  162  156  228  236  174  120  58   78   137  171  20   182  120  118  240  239  56   87   140  56   74   228  249  163  20   54   15   
9)  184  99   185  175  177  40   244  65   29   213  105  184  158  100  218  85   134  117  116  4    178  191  140  140  32   157  133  125  83   170  
0)  2    1    2    2    2    0    3    1    0    3    0    0    3    1    3    1    2    3    0    1    2    3    0    1    3    2    0    1    2    3      =  225
1)  2    1    2    2    2    3    1    2    1    0    0    2    3    0    1    2    1    1    0    2    2    3    2    0    0    3    0    0    0    1      =  277
2)  2    1    2    2    2    0    1    1    0    0    0    0    3    1    3    3    1    3    1    0    2    2    3    2    3    0    2    3    0    0      =  254
3)  2    1    2    2    2    0    3    1    0    0    0    0    2    0    2    2    1    1    0    0    1    2    2    2    0    2    0    2    0    0      =  343
4)  2    1    2    2    2    3    1    2    1    3    0    2    2    2    3    3    1    0    3    0    2    1    3    0    0    3    2    0    2    0      =  306
5)  2    1    2    2    2    0    1    1    1    0    1    2    3    2    3    1    2    1    3    0    1    2    2    0    3    0    1    1    2    2      =  306
6)  2    1    2    2    2    3    1    1    0    3    0    0    2    2    2    2    2    3    1    0    0    3    3    0    1    2    1    2    1    2      =  331
7)  2    1    2    2    2    3    1    1    0    3    0    0    2    2    3    2    0    3    3    0    0    2    2    0    0    2    2    3    0    3      =  306
8)  2    1    2    2    2    3    3    2    1    0    1    2    2    0    2    1    1    3    3    0    1    2    0    1    3    3    2    0    0    0      =  278
9)  2    1    2    2    2    0    3    1    0    3    1    2    2    1    3    1    2    1    1    0    2    2    2    2    0    2    2    1    1    2      =  392
Результаты поколений
225  277  248  331  279  248  284  276  277  277   = 225
225  277  248  284  277  248  225  276  277  246   = 225
225  254  228  256  256  228  225  256  255  246   = 225
225  254  228  250  227  227  225  225  251  246   = 225
225  249  228  226  227  227  225  225  228  246   = 225
Отсортированная матрица заданий  (модификация 3)
0)  30   -1   30   -1   
1)  30   30   -1   30   
2)  30   30   30   -1   
3)  -1   29   -1   -1   
4)  -1   -1   29   -1   
5)  -1   -1   29   29   
6)  29   29   29   -1   
7)  29   29   -1   29   
8)  -1   29   29   29   
9)  29   29   29   -1   
10)  29   29   29   29   
11)  -1   -1   28   -1   
12)  28   -1   -1   28   
13)  28   28   -1   -1   
14)  28   -1   28   28   
15)  28   28   28   -1   
16)  28   -1   28   28   
17)  28   28   28   -1   
18)  28   28   28   28   
19)  -1   27   -1   27   
20)  -1   27   27   -1   
21)  27   27   -1   -1   
22)  27   -1   -1   27   
23)  27   27   -1   27   
24)  27   27   27   -1   
25)  -1   27   27   27   
26)  -1   27   27   27   
27)  27   27   27   27   
28)  -1   -1   25   -1   
29)  -1   -1   25   -1   
Распределение задач по процессорам
Максимальная загрузка 247
Генетическим алгоритмом, где этита(особь 0) получена методом критического пути с модификацией 1
Матрица особей
0)  31   94   157  94   157  220  31   220  220  31   94   157  220  31   157  94   157  31   220  94   94   31   220  94   157  157  220  31   157  157  
1)  178  116  141  74   134  208  6    58   162  181  48   182  242  81   0    138  186  106  14   105  124  80   48   35   49   115  171  208  182  171  
2)  50   2    95   126  151  206  147  75   137  174  129  133  57   1    38   63   221  136  231  233  144  88   229  23   132  160  251  176  136  148  
3)  172  80   177  66   153  140  174  195  96   24   247  160  25   92   47   132  18   129  236  207  133  74   42   36   5    136  227  211  146  176  
4)  6    71   118  65   145  227  122  202  124  41   214  170  30   35   2    52   58   34   157  224  65   28   196  69   15   162  127  112  170  174  
5)  42   119  40   111  168  221  71   213  185  169  61   135  233  7    231  157  153  162  145  107  136  83   221  208  182  136  219  145  181  145  
6)  55   192  4    68   161  157  39   235  202  12   144  160  227  24   29   139  211  11   64   106  170  119  25   214  57   106  144  118  146  166  
7)  31   5    68   114  178  154  78   228  220  167  32   135  210  66   252  127  24   50   201  210  166  84   231  69   167  138  153  223  135  162  
8)  133  206  174  85   138  240  25   254  148  34   100  180  8    39   32   28   164  128  32   123  140  53   63   242  141  142  101  35   147  153  
9)  52   192  165  103  185  216  69   212  200  113  94   173  233  32   182  146  134  8    231  226  180  55   213  251  38   237  139  161  171  181  
0)  0    1    2    1    2    3    0    3    3    0    1    2    3    0    2    1    2    0    3    1    1    0    3    1    2    2    3    0    2    2      =  247
1)  2    1    2    1    2    3    0    0    2    2    0    2    3    1    0    2    2    1    0    1    1    1    0    0    0    1    2    3    2    2      =  308
2)  0    0    1    1    2    3    2    1    2    2    2    2    0    0    0    0    3    2    3    3    2    1    3    0    2    2    3    2    2    2      =  359
3)  2    1    2    1    2    2    2    3    1    0    3    2    0    1    0    2    0    2    3    3    2    1    0    0    0    2    3    3    2    2      =  335
4)  0    1    1    1    2    3    1    3    1    0    3    2    0    0    0    0    0    0    2    3    1    0    3    1    0    2    1    1    2    2      =  281
5)  0    1    0    1    2    3    1    3    2    2    0    2    3    0    3    2    2    2    2    1    2    1    3    3    2    2    3    2    2    2      =  385
6)  0    3    0    1    2    2    0    3    3    0    2    2    3    0    0    2    3    0    1    1    2    1    0    3    0    1    2    1    2    2      =  256
7)  0    0    1    1    2    2    1    3    3    2    0    2    3    1    3    1    0    0    3    3    2    1    3    1    2    2    2    3    2    2      =  273
8)  2    3    2    1    2    3    0    3    2    0    1    2    0    0    0    0    2    2    0    1    2    0    0    3    2    2    1    0    2    2      =  333
9)  0    3    2    1    2    3    1    3    3    1    1    2    3    0    2    2    2    0    3    3    2    0    3    3    0    3    2    2    2    2      =  302
Результаты поколений
Произошла революция! Особь: 5 c 227 свергает 0 c 247
227  253  305  304  256  247  228  255  247  302   = 227
227  247  305  255  247  228  228  255  228  252   = 227
227  247  251  251  247  228  228  255  228  227   = 227
227  247  246  246  247  228  228  228  228  227   = 227
Произошла революция! Особь: 7 c 223 свергает 0 c 227
223  247  246  246  228  228  228  227  228  227   = 223
223  247  246  228  228  228  228  224  228  226   = 223
223  247  246  225  228  228  228  224  228  226   = 223
223  247  246  225  228  228  228  224  228  226   = 223
223  225  224  225  225  224  225  224  224  226   = 223
Начальная матрица заданий
0)  27   -1   -1   27   
1)  -1   28   28   28   
2)  29   29   29   -1   
3)  -1   30   30   -1   
4)  -1   29   29   -1   
5)  26   26   26   26   
6)  -1   -1   29   -1   
7)  -1   -1   26   26   
8)  28   -1   28   28   
9)  -1   29   29   29   
10)  28   28   28   28   
11)  29   29   -1   29   
12)  29   29   -1   29   
13)  27   27   27   -1   
14)  -1   25   25   -1   
15)  -1   27   27   -1   
16)  28   28   28   28   
17)  -1   30   -1   30   
18)  30   -1   30   30   
19)  26   26   26   -1   
20)  28   28   28   28   
21)  27   -1   27   27   
22)  -1   -1   28   28   
23)  28   28   -1   -1   
24)  28   28   28   -1   
25)  -1   -1   28   -1   
26)  30   -1   30   30   
27)  -1   26   26   -1   
28)  28   28   28   28   
29)  29   29   29   29   
Распределение заданий методом критического пути без элиты.
27  0  0  0  
27  28  0  0  
27  28  29  0  
27  58  29  0  
27  58  58  0  
27  58  58  26  
27  58  87  26  
27  58  87  52  
55  58  87  52  
55  58  87  81  
83  58  87  81  
83  87  87  81  
83  87  87  110  
110  87  87  110  
110  112  87  110  
110  112  114  110  
138  112  114  110  
138  112  114  140  
138  112  144  140  
138  138  144  140  
166  138  144  140  
166  138  144  167  
166  138  172  167  
166  166  172  167  
194  166  172  167  
194  166  200  167  
194  166  200  197  
194  192  200  197  
194  220  200  197  
223  220  200  197  
Максимальная загрузка 888
Генетическим алгоритмом без элиты
Отсортированная матрица заданий  (модификация 1)
0)  -1   30   30   -1   
1)  30   -1   30   30   
2)  30   -1   30   30   
3)  -1   30   -1   30   
4)  29   29   -1   29   
5)  29   29   -1   29   
6)  -1   29   29   29   
7)  29   29   29   29   
8)  -1   -1   29   -1   
9)  29   29   29   -1   
10)  -1   29   29   -1   
11)  28   -1   28   28   
12)  -1   -1   28   -1   
13)  28   28   28   -1   
14)  28   28   -1   -1   
15)  -1   -1   28   28   
16)  28   28   28   28   
17)  -1   28   28   28   
18)  28   28   28   28   
19)  28   28   28   28   
20)  28   28   28   28   
21)  27   -1   27   27   
22)  -1   27   27   -1   
23)  27   27   27   -1   
24)  27   -1   -1   27   
25)  -1   -1   26   26   
26)  26   26   26   -1   
27)  26   26   26   26   
28)  -1   26   26   -1   
29)  -1   25   25   -1   
Распределение задач по процессорам
Максимальная загрузка 223
Генетическим алгоритмом, где этита(особь 0) получена методом критического пути с модификацией 1
Матрица особей
0)  94   31   157  220  31   94   157  220  157  31   94   220  157  31   94   220  220  94   31   157  220  31   94   157  31   157  94   220  94   157  
1)  155  228  230  239  245  200  143  69   187  154  147  9    145  151  76   245  212  253  72   110  176  163  145  99   237  238  135  140  74   106  
2)  185  190  231  122  201  87   248  66   156  74   154  147  149  52   39   167  125  162  76   11   114  32   178  67   39   233  0    115  84   100  
3)  81   60   241  98   228  72   236  42   148  34   88   193  187  1    59   205  197  87   196  70   236  254  101  191  222  212  122  221  74   67   
4)  158  38   242  196  247  108  147  230  159  86   148  58   188  155  84   169  101  78   137  184  93   43   104  185  16   143  36   18   87   126  
5)  84   134  230  89   214  249  150  213  191  153  123  203  161  83   76   155  132  170  76   169  67   172  140  35   244  177  189  197  85   172  
6)  106  168  145  82   79   73   173  92   149  160  77   203  162  99   84   173  205  237  205  56   94   42   165  32   217  247  94   104  75   100  
7)  70   239  210  198  34   83   245  124  143  38   93   204  163  35   81   132  234  93   26   114  105  6    134  71   212  130  49   204  124  93   
8)  155  230  149  215  212  237  109  105  137  150  84   157  128  4    106  219  70   134  106  241  238  18   135  44   4    254  123  136  175  91   
9)  113  128  6    228  93   214  161  82   132  130  127  20   130  186  101  232  104  174  192  109  173  5    111  168  7    145  163  57   114  121  
0)  1    0    2    3    0    1    2    3    2    0    1    3    2    0    1    3    3    1    0    2    3    0    1    2    0    2    1    3    1    2      =  223
1)  2    3    3    3    3    3    2    1    2    2    2    0    2    2    1    3    3    3    1    1    2    2    2    1    3    3    2    2    1    1      =  336
2)  2    2    3    1    3    1    3    1    2    1    2    2    2    0    0    2    1    2    1    0    1    0    2    1    0    3    0    1    1    1      =  305
3)  1    0    3    1    3    1    3    0    2    0    1    3    2    0    0    3    3    1    3    1    3    3    1    2    3    3    1    3    1    1      =  334
4)  2    0    3    3    3    1    2    3    2    1    2    0    2    2    1    2    1    1    2    2    1    0    1    2    0    2    0    0    1    1      =  310
5)  1    2    3    1    3    3    2    3    2    2    1    3    2    1    1    2    2    2    1    2    1    2    2    0    3    2    2    3    1    2      =  388
6)  1    2    2    1    1    1    2    1    2    2    1    3    2    1    1    2    3    3    3    0    1    0    2    0    3    3    1    1    1    1      =  363
7)  1    3    3    3    0    1    3    1    2    0    1    3    2    0    1    2    3    1    0    1    1    0    2    1    3    2    0    3    1    1      =  307
8)  2    3    2    3    3    3    1    1    2    2    1    2    2    0    1    3    1    2    1    3    3    0    2    0    0    3    1    2    2    1      =  281
9)  1    2    0    3    1    3    2    1    2    2    1    0    2    2    1    3    1    2    3    1    2    0    1    2    0    2    2    0    1    1      =  308
Результаты поколений
223  307  275  308  248  308  311  281  254  228   = 223
223  281  254  281  248  282  253  227  254  228   = 223
223  281  253  252  227  248  253  227  253  228   = 223
223  224  251  251  226  224  224  227  224  224   = 223
223  224  251  224  226  224  224  227  224  224   = 223
Отсортированная матрица заданий  (модификация 2)
0)  -1   -1   28   -1   
1)  -1   -1   29   -1   
2)  -1   30   30   -1   
3)  -1   -1   26   26   
4)  27   -1   -1   27   
5)  -1   27   27   -1   
6)  -1   -1   28   28   
7)  -1   26   26   -1   
8)  -1   29   29   -1   
9)  28   28   -1   -1   
10)  -1   25   25   -1   
11)  -1   30   -1   30   
12)  28   -1   28   28   
13)  -1   29   29   29   
14)  28   28   28   -1   
15)  29   29   -1   29   
16)  29   29   -1   29   
17)  -1   28   28   28   
18)  26   26   26   -1   
19)  29   29   29   -1   
20)  27   -1   27   27   
21)  30   -1   30   30   
22)  27   27   27   -1   
23)  30   -1   30   30   
24)  26   26   26   26   
25)  28   28   28   28   
26)  28   28   28   28   
27)  28   28   28   28   
28)  28   28   28   28   
29)  29   29   29   29   
Распределение задач по процессорам
Максимальная загрузка 224
Генетическим алгоритмом, где этита(особь 0) получена методом критического пути с модификацией 1
Матрица особей
0)  157  157  94   220  31   94   220  94   157  31   94   220  31   220  31   94   31   157  157  94   220  31   157  220  94   157  31   220  94   157  
1)  165  146  75   149  20   101  171  139  115  125  167  96   27   117  10   73   100  209  166  104  244  237  4    163  58   78   208  181  146  62   
2)  130  161  93   182  218  92   187  82   118  43   131  214  221  173  68   6    101  204  18   184  8    222  161  61   214  17   77   221  11   24   
3)  180  187  135  201  252  102  179  180  85   44   133  99   207  159  164  57   60   160  60   15   142  131  168  208  180  3    21   172  46   229  
4)  128  166  71   244  206  95   172  91   130  78   112  247  238  254  185  71   42   243  13   71   59   145  105  184  220  99   222  70   18   23   
5)  164  137  87   163  57   75   217  159  98   15   128  194  20   149  69   12   25   253  21   77   229  160  180  54   124  35   151  22   190  211  
6)  146  162  175  233  8    122  192  150  99   45   92   212  228  184  2    248  90   171  165  128  241  195  44   172  10   99   44   151  57   117  
7)  186  169  184  205  219  155  196  111  100  8    94   92   212  206  97   78   211  252  182  185  0    34   95   41   114  2    3    110  1    235  
8)  178  131  95   205  58   100  234  176  172  2    119  93   5    160  14   6    236  238  90   140  184  128  174  154  139  183  240  49   44   189  
9)  141  145  84   233  37   142  192  132  123  50   99   229  40   117  91   105  49   142  98   127  181  10   93   6    254  236  27   59   164  105  
0)  2    2    1    3    0    1    3    1    2    0    1    3    0    3    0    1    0    2    2    1    3    0    2    3    1    2    0    3    1    2      =  224
1)  2    2    1    2    0    1    2    2    1    1    2    1    0    1    0    1    1    3    2    1    3    3    0    2    0    1    3    2    2    0      =  288
2)  2    2    1    2    3    1    2    1    1    0    2    3    3    2    1    0    1    3    0    2    0    3    2    0    3    0    1    3    0    0      =  225
3)  2    2    2    3    3    1    2    2    1    0    2    1    3    2    2    0    0    2    0    0    2    2    2    3    2    0    0    2    0    3      =  389
4)  2    2    1    3    3    1    2    1    2    1    1    3    3    3    2    1    0    3    0    1    0    2    1    2    3    1    3    1    0    0      =  277
5)  2    2    1    2    0    1    3    2    1    0    2    3    0    2    1    0    0    3    0    1    3    2    2    0    1    0    2    0    2    3      =  276
6)  2    2    2    3    0    1    3    2    1    0    1    3    3    2    0    3    1    2    2    2    3    3    0    2    0    1    0    2    0    1      =  283
7)  2    2    2    3    3    2    3    1    1    0    1    1    3    3    1    1    3    3    2    2    0    0    1    0    1    0    0    1    0    3      =  248
8)  2    2    1    3    0    1    3    2    2    0    1    1    0    2    0    0    3    3    1    2    2    2    2    2    2    2    3    0    0    2      =  367
9)  2    2    1    3    0    2    3    2    1    0    1    3    0    1    1    1    0    2    1    1    2    0    1    0    3    3    0    0    2    1      =  281
Результаты поколений
224  276  225  275  277  255  279  248  250  247   = 224
224  255  225  247  247  255  226  248  250  247   = 224
Произошла революция! Особь: 9 c 223 свергает 0 c 224
223  255  225  247  247  255  224  244  250  224   = 223
223  251  225  247  247  250  224  224  224  224   = 223
223  224  225  247  247  224  224  223  224  224   = 223
223  224  225  229  247  224  224  223  223  224   = 223
223  224  225  225  247  224  224  223  223  224   = 223
Отсортированная матрица заданий  (модификация 3)
0)  -1   30   30   -1   
1)  -1   30   -1   30   
2)  30   -1   30   30   
3)  30   -1   30   30   
4)  -1   -1   29   -1   
5)  -1   29   29   -1   
6)  29   29   29   -1   
7)  29   29   -1   29   
8)  29   29   -1   29   
9)  -1   29   29   29   
10)  29   29   29   29   
11)  -1   -1   28   -1   
12)  28   28   -1   -1   
13)  -1   -1   28   28   
14)  -1   28   28   28   
15)  28   28   28   -1   
16)  28   -1   28   28   
17)  28   28   28   28   
18)  28   28   28   28   
19)  28   28   28   28   
20)  28   28   28   28   
21)  -1   27   27   -1   
22)  27   -1   -1   27   
23)  27   -1   27   27   
24)  27   27   27   -1   
25)  -1   26   26   -1   
26)  -1   -1   26   26   
27)  26   26   26   -1   
28)  26   26   26   26   
29)  -1   25   25   -1   
Распределение задач по процессорам
Максимальная загрузка 223
Генетическим алгоритмом, где этита(особь 0) получена методом критического пути с модификацией 1
Матрица особей
0)  94   220  31   157  157  94   31   220  31   94   157  157  31   220  220  94   220  31   94   157  220  94   31   157  31   94   157  94   220  157  
1)  176  105  213  209  137  108  164  250  196  178  35   135  22   240  199  144  3    185  52   37   42   70   36   182  30   154  161  181  178  117  
2)  138  127  196  211  180  149  167  81   56   127  208  155  45   141  163  23   209  12   10   45   238  157  252  22   176  128  141  171  233  101  
3)  132  208  149  172  168  166  9    53   12   141  217  128  123  173  217  68   43   44   248  235  134  115  19   247  119  174  169  14   230  161  
4)  179  89   170  202  154  127  13   117  104  192  4    189  9    151  122  180  203  118  121  203  93   137  218  7    118  105  181  87   143  181  
5)  153  192  219  200  139  99   128  69   250  130  84   183  52   218  204  183  17   47   143  85   197  182  59   177  25   170  145  88   237  184  
6)  119  248  187  15   157  96   54   213  92   190  131  155  63   185  203  190  176  164  23   145  39   95   25   239  153  149  150  153  181  173  
7)  123  81   154  223  159  155  188  254  218  71   22   146  53   129  135  30   157  53   118  197  245  71   254  237  186  78   131  189  13   153  
8)  135  68   44   58   158  118  140  60   18   158  49   136  80   201  170  122  11   223  175  116  22   101  229  191  4    156  162  135  97   125  
9)  140  246  6    152  156  73   189  84   47   145  123  135  17   166  124  14   194  241  31   83   71   118  22   173  65   73   251  35   124  154  
0)  1    3    0    2    2    1    0    3    0    1    2    2    0    3    3    1    3    0    1    2    3    1    0    2    0    1    2    1    3    2      =  223
1)  2    1    3    3    2    1    2    3    3    2    0    2    0    3    3    2    0    2    0    0    0    1    0    2    0    2    2    2    2    1      =  332
2)  2    1    3    3    2    2    2    1    0    1    3    2    0    2    2    0    3    0    0    0    3    2    3    0    2    2    2    2    3    1      =  333
3)  2    3    2    2    2    2    0    0    0    2    3    2    1    2    3    1    0    0    3    3    2    1    0    3    1    2    2    0    3    2      =  338
4)  2    1    2    3    2    1    0    1    1    3    0    2    0    2    1    2    3    1    1    3    1    2    3    0    1    1    2    1    2    2      =  308
5)  2    3    3    3    2    1    2    1    3    2    1    2    0    3    3    2    0    0    2    1    3    2    0    2    0    2    2    1    3    2      =  332
6)  1    3    2    0    2    1    0    3    1    2    2    2    0    2    3    2    2    2    0    2    0    1    0    3    2    2    2    2    2    2      =  441
7)  1    1    2    3    2    2    2    3    3    1    0    2    0    2    2    0    2    0    1    3    3    1    3    3    2    1    2    2    0    2      =  333
8)  2    1    0    0    2    1    2    0    0    2    0    2    1    3    2    1    0    3    2    1    0    1    3    2    0    2    2    2    1    1      =  306
9)  2    3    0    2    2    1    2    1    0    2    1    2    0    2    1    0    3    3    0    1    1    1    0    2    1    1    3    0    1    2      =  277
Результаты поколений
223  306  306  306  306  331  357  306  306  256   = 223
223  276  277  306  251  306  306  249  303  248   = 223
223  276  277  306  249  277  276  249  248  247   = 223
223  249  249  276  249  249  248  249  248  247   = 223
223  227  249  248  249  249  248  249  248  247   = 223
Обычное распределение = 17,76
Генетический алгоритм без элиты = 17,66
Модификации
Среднее максимальное значение для 50 матриц сортировкой1 = 17,76
Среднее максимальное значение для 50 матриц сортировкой2 = 18,3
Среднее максимальное значение для 50 матриц сортировкой3 = 17,76
Генетический алгоритм с элитой
Среднее максимальное значение для 50 матриц сортировкой1 = 17,72
Среднее максимальное значение для 50 матриц сортировкой2 = 17,74
Среднее максимальное значение для 50 матриц сортировкой3 = 17,64
